00000000000000000000000000000000
00000000000000000000000000000000
00000000000000000000000000000000
00000000001111111100000000000000
00000000001111111110000000000000
00000000011111111111000000000000
00000000011110001111100000000000
00000000111000000111100000000000
00000000110000000011100000000000
00000001110000000001100000000000
00000001100000000001110000000000
00000011100000000001100000000000
00000011000000000001100000000000
00000111000000000001100000000000
00000110000000000001100000000000
00000110000000000011100000000000
00001110000000000011000000000000
00001110000000000111000000000000
00001110000000000110000000000000
00001110000000001110000000000000
00001110000000001110000000000000
00000111000000011100000000000000
00000111111001111100000000000000
00000111111111111000000000000000
00000001111111110000000000000000
00000000000000000000000000000000
00000000000000000000000000000000
00000000000000000000000000000000
00000000000000000000000000000000
00000000000000000000000000000000
00000000000000000000000000000000
00000000000000000000000000000000