00000000000000000000000000000000
00000000000000000000000000000000
00000000000000000000000000000000
00000000011111111111100000000000
00000000111111111111111100000000
00000000111111111111111110000000
00000000111100000000011111000000
00000000111000000000000111100000
00000000111000000000000011100000
00000000110000000000000011110000
00000000110000000000000001110000
00000001110000000000000001110000
00000001110000000000000001110000
00000001110000000000000001110000
00000001100000000000000001110000
00000001100000000000000001110000
00000001100000000000000011100000
00000001100000000000000011100000
00000001110000000000000111000000
00000001110000000000000110000000
00000000110000000000001110000000
00000000110000000000011100000000
00000000111000000000011100000000
00000000111100000000111000000000
00000000011111111111110000000000
00000000001111111111100000000000
00000000000111111100000000000000
00000000000000000000000000000000
00000000000000000000000000000000
00000000000000000000000000000000
00000000000000000000000000000000
00000000000000000000000000000000