00000000000000000000000000000000
00000000000000000000000000000000
00000000000000000000000000000000
00000000011000000000000000000000
00000000111110000000000000000000
00000000111111111000000000000000
00000000111111111110000000000000
00000000111111111111000000000000
00000001110000001111100000000000
00000001110000000011110000000000
00000001100000000001111000000000
00000001100000000000111000000000
00000001100000000000111100000000
00000011100000000000011100000000
00000011000000000000001100000000
00000011000000000000001110000000
00000011000000000000001110000000
00000011000000000000001110000000
00000011000000000000001110000000
00000011000000000000001110000000
00000111000000000000001100000000
00000111000000000000001100000000
00000111000000000000011100000000
00000111000000000000011000000000
00000111000000000000111000000000
00000011000000000000111000000000
00000011000000000001110000000000
00000011110000000011100000000000
00000001111110000011100000000000
00000000111111111111100000000000
00000000011111111110000000000000
00000000000000000000000000000000