00000000000000000000000000000000
00000000000000000000000000000000
00000000000000000000000000000000
00000000000000000000000000000000
00000000111111110000000000000000
00000001111111111110000000000000
00000011111111111111100000000000
00000011110000011111110000000000
00000011110000000011110000000000
00000011100000000001111000000000
00000011100000000000111100000000
00000011100000000000011100000000
00000011100000000000001100000000
00000011100000000000001100000000
00000011100000000000001100000000
00000001100000000000001100000000
00000001100000000000011100000000
00000001100000000000011100000000
00000001100000000000011000000000
00000001100000000000111000000000
00000001110000000001110000000000
00000000110000000001100000000000
00000000111000000011100000000000
00000000011111001111000000000000
00000000011111111110000000000000
00000000000111111100000000000000
00000000000000100000000000000000
00000000000000000000000000000000
00000000000000000000000000000000
00000000000000000000000000000000
00000000000000000000000000000000
00000000000000000000000000000000