00000000000000000000000000000000
00000000000000000000000000000000
00000000000000000000000000000000
00000000000000000000000000000000
00000000011111111000000000000000
00000000111111111110000000000000
00000000111111111111000000000000
00000000111100111111100000000000
00000000111000000111100000000000
00000000111000000011110000000000
00000000110000000001110000000000
00000000110000000001111000000000
00000001110000000000111000000000
00000001110000000000111000000000
00000001100000000000011000000000
00000001100000000000011000000000
00000001100000000000011100000000
00000001100000000000011100000000
00000001100000000000011000000000
00000001100000000000011000000000
00000001100000000000011000000000
00000001110000000000111000000000
00000001111000000000111000000000
00000001111110000001110000000000
00000000111111111111110000000000
00000000011111111111100000000000
00000000000011111111000000000000
00000000000000000000000000000000
00000000000000000000000000000000
00000000000000000000000000000000
00000000000000000000000000000000
00000000000000000000000000000000