00000000000000000000000000000000
00000000000000000000000000000000
00000000000000000000000000000000
00000000001000000000000000000000
00000000111111100000000000000000
00000000111111111000000000000000
00000000111111111110000000000000
00000000111000011111000000000000
00000000111000000111110000000000
00000000110000000011111000000000
00000000110000000001111000000000
00000000110000000000111100000000
00000000110000000000011100000000
00000000110000000000011100000000
00000000110000000000001110000000
00000000110000000000001110000000
00000000110000000000001110000000
00000000110000000000001100000000
00000000110000000000001100000000
00000000110000000000011100000000
00000000111000000000111000000000
00000000011000000000111000000000
00000000011000000001110000000000
00000000011000000011100000000000
00000000011000000111000000000000
00000000011100001110000000000000
00000000001100011110000000000000
00000000001110111100000000000000
00000000001111111000000000000000
00000000000111111000000000000000
00000000000011110000000000000000
00000000000001100000000000000000