00000000000000000000000000000000
00000000011000000000000000000000
00000000111100000000000000000000
00000000111100000000000000000000
00000000111111100000000000000000
00000000111111111000000000000000
00000001110011111100000000000000
00000001110001111110000000000000
00000001100000011111000000000000
00000001100000001111000000000000
00000011100000000111100000000000
00000011000000000011100000000000
00000011000000000011110000000000
00000011000000000001110000000000
00000011000000000001110000000000
00000111000000000000111000000000
00000110000000000000111000000000
00000110000000000000111000000000
00000110000000000000111000000000
00000110000000000000111000000000
00000110000000000000111000000000
00000110000000000000111000000000
00000110000000000000111000000000
00000110000000000000110000000000
00000110000000000001110000000000
00000111000000000011100000000000
00000011000000000111100000000000
00000011100000011111000000000000
00000011111111111100000000000000
00000001111111111000000000000000
00000000001111000000000000000000
00000000000000000000000000000000