00000000000000000000000000000000
00000000000000000000000000000000
00000000000000000000000000000000
00000000000011000000000000000000
00000000000111100000000000000000
00000000000111100000000000000000
00000000000111100000000000000000
00000000000111000000000000000000
00000000000011000000000000000000
00000000000011000000000000000000
00000000000011000000000000000000
00000000000011000000000000000000
00000000000011000000000000000000
00000000000011000000000000000000
00000000000011000000000000000000
00000000000011000000000000000000
00000000000011000000000000000000
00000000000011000000000000000000
00000000000011000000000000000000
00000000000011000000000000000000
00000000000011000000000000000000
00000000000011000000000000000000
00000000000011000000000000000000
00000000000111100000000000000000
00000000000111000000000000000000
00000000000011000000000000000000
00000000000000000000000000000000
00000000000000000000000000000000
00000000000000000000000000000000
00000000000000000000000000000000
00000000000000000000000000000000
00000000000000000000000000000000