00000000000000000000000000000000
00000000000000000000000000000000
00000000000000000000000000000000
00000000000001110000000000000000
00000000000001110000000000000000
00000000000001110000000000000000
00000000000001110000000000000000
00000000000001110000000000000000
00000000000001100000000000000000
00000000000001100000000000000000
00000000000011100000000000000000
00000000000011100000000000000000
00000000000011000000000000000000
00000000000011000000000000000000
00000000000011000000000000000000
00000000000011000000000000000000
00000000000111000000000000000000
00000000000111000000000000000000
00000000000110000000000000000000
00000000000110000000000000000000
00000000000110000000000000000000
00000000001110000000000000000000
00000000001111000000000000000000
00000000001110000000000000000000
00000000000100000000000000000000
00000000000000000000000000000000
00000000000000000000000000000000
00000000000000000000000000000000
00000000000000000000000000000000
00000000000000000000000000000000
00000000000000000000000000000000
00000000000000000000000000000000