00000000000000000000000000000000
00000000000000000000000000000000
00000000000000000000000000000000
00000001111111000000000000000000
00000011111111110000000000000000
00000111111111111000000000000000
00000011100000111000000000000000
00000000000000111000000000000000
00000000000000111000000000000000
00000000000001110000000000000000
00000000000001110000000000000000
00000000000001110000000000000000
00000000000011100000000000000000
00000000000011100000000000000000
00000000000111000000000000000000
00000000000110000000000000000000
00000000001110000000000000000000
00000000011100000000000000000000
00000000111100000000000000000000
00000000111000000000000000000000
00000001110000000000000000000000
00000011110000000000000000000000
00000111111111111111110000000000
00000111111111111111110000000000
00000011110000000000000000000000
00000000000000000000000000000000
00000000000000000000000000000000
00000000000000000000000000000000
00000000000000000000000000000000
00000000000000000000000000000000
00000000000000000000000000000000
00000000000000000000000000000000