00000000000000000000000000000000
00000000000000000000000000000000
00000000000000110000000000000000
00000000000011111000000000000000
00000000011111111000000000000000
00000000111111111000000000000000
00000001111100111000000000000000
00000001111000111000000000000000
00000000100000110000000000000000
00000000000000110000000000000000
00000000000001110000000000000000
00000000000001100000000000000000
00000000000001100000000000000000
00000000000011100000000000000000
00000000000011000000000000000000
00000000000111000000000000000000
00000000000110000000000000000000
00000000001110000000000000000000
00000000011100000000000000000000
00000000011100000000000000000000
00000000111000000000000000000000
00000001111000000111100000000000
00000001111111111111100000000000
00000001111111111111000000000000
00000001111110000000000000000000
00000000000000000000000000000000
00000000000000000000000000000000
00000000000000000000000000000000
00000000000000000000000000000000
00000000000000000000000000000000
00000000000000000000000000000000
00000000000000000000000000000000