00000000000000000000000000000000
00000000000000000000000000000000
00000000000000000000000000000000
00000000000000000000000000000000
00000000000000000000000000000000
00000000011111111100000000000000
00000001111111111100000000000000
00000001111110011100000000000000
00000000111000011100000000000000
00000000000000011100000000000000
00000000000000011000000000000000
00000000000000011000000000000000
00000000000000011000000000000000
00000000000000011000000000000000
00000000000000111000000000000000
00000000000000110000000000000000
00000000000000110000000000000000
00000000000001110000000000000000
00000000000001100000000000000000
00000000000011100000000000000000
00000000000011000000000000000000
00000000000111000000000000000000
00000000001110000000000000000000
00000000001100000000000000000000
00000000011100011111100000000000
00000000011111111111100000000000
00000000111111110000000000000000
00000000111110000000000000000000
00000000111100000000000000000000
00000000000000000000000000000000
00000000000000000000000000000000
00000000000000000000000000000000