00000000000000000000000000000000
00000000000000000000000000000000
00000000000000000000000000000000
00000000000001100000000000000000
00000000111111110000000000000000
00000001111111110000000000000000
00000011111101110000000000000000
00000011110001110000000000000000
00000000000000110000000000000000
00000000000000110000000000000000
00000000000001110000000000000000
00000000000001110000000000000000
00000000000001100000000000000000
00000000000001100000000000000000
00000000000011100000000000000000
00000000000011000000000000000000
00000000000011000000000000000000
00000000000111000000000000000000
00000000000110000000000000000000
00000000001110000000000000000000
00000000001100000000000000000000
00000000011100000000000000000000
00000000011000000000000000000000
00000000111000000000000000000000
00000000110000000000000000000000
00000001110000000000010000000000
00000011111111111111110000000000
00000011111111111111110000000000
00000001111000000000000000000000
00000000000000000000000000000000
00000000000000000000000000000000
00000000000000000000000000000000