00000000000000000000000000000000
00000000000000000000000000000000
00000000000000000000000000000000
00000000111111111110000000000000
00000011111111111110000000000000
00000011111100001111000000000000
00000011110000001110000000000000
00000000000000001110000000000000
00000000000000001110000000000000
00000000000000001110000000000000
00000000000000001100000000000000
00000000000000011100000000000000
00000000000000011000000000000000
00000000000000111000000000000000
00000000000000110000000000000000
00000000000001110000000000000000
00000000000001100000000000000000
00000000000011100000000000000000
00000000000111000000000000000000
00000000000110000000000000000000
00000000001110000000000000000000
00000000011100000000000000000000
00000001111000000000000000000000
00000001111000000000000000000000
00000011111111111111111000000000
00000011111111111111111000000000
00000001111000000000000000000000
00000000000000000000000000000000
00000000000000000000000000000000
00000000000000000000000000000000
00000000000000000000000000000000
00000000000000000000000000000000