00000000000000000000000000000000
00000000000000000000000000000000
00000000000000000000000000000000
00000000111111111100000000000000
00000001111111111111100000000000
00000001111111111111100000000000
00000001110000000011100000000000
00000000000000000111100000000000
00000000000000000111000000000000
00000000000000001111000000000000
00000000000000011100000000000000
00000000000000011100000000000000
00000000000000111000000000000000
00000000000001110000000000000000
00000000000011100000000000000000
00000000000111000000000000000000
00000000011110000000000000000000
00000000111111111111000000000000
00000001111111111111100000000000
00000001111111000111100000000000
00000001111000000111100000000000
00000000000000001111000000000000
00000000000000011110000000000000
00000000000000111100000000000000
00000000000001111000000000000000
00000000000011110000000000000000
00000000001111000000000000000000
00000000011110000000000000000000
00000000111100000000000000000000
00000000011000000000000000000000
00000000000000000000000000000000
00000000000000000000000000000000