00000000000000000000000000000000
00000000000000000000000000000000
00000000000000000000000000000000
00000000000000000000000000000000
00000000111000000000000000000000
00000001111111111000000000000000
00000001111111111100000000000000
00000001111000111100000000000000
00000000000000111100000000000000
00000000000000111000000000000000
00000000000001111000000000000000
00000000000001110000000000000000
00000000000011100000000000000000
00000000000111000000000000000000
00000000011110000000000000000000
00000000111100000000000000000000
00000011110000000000000000000000
00000111111111111100000000000000
00000111111111111110000000000000
00000011100000001110000000000000
00000000000000011110000000000000
00000000000000011100000000000000
00000000000000111100000000000000
00000000000001111000000000000000
00000000000111100000000000000000
00000000001111000000000000000000
00000001111100000000000000000000
00000011111000000000000000000000
00000011100000000000000000000000
00000001000000000000000000000000
00000000000000000000000000000000
00000000000000000000000000000000