00000000000000000000000000000000
00000000000000000000000000000000
00000000000000000000000000000000
00000000000000000000000000000000
00000000001111011111100000000000
00000000111111111111110000000000
00000000111111111111111000000000
00000000011110000000111000000000
00000000000000000000110000000000
00000000000000000001110000000000
00000000000000000001110000000000
00000000000000000011100000000000
00000000000000001111000000000000
00000000000110111111000000000000
00000000011111111111000000000000
00000000011111111111110000000000
00000000001111000111111000000000
00000000000000000000111000000000
00000000000000000000111000000000
00000000000000000001111000000000
00000000000000000001110000000000
00000000000000000011110000000000
00000000000000000111110000000000
00000001111111111111100000000000
00000001111111111110000000000000
00000000111111110000000000000000
00000000000000000000000000000000
00000000000000000000000000000000
00000000000000000000000000000000
00000000000000000000000000000000
00000000000000000000000000000000
00000000000000000000000000000000