00000000000000000000000000000000
00000000000000000000000000000000
00000000000000000000000000000000
00000000000000000000000000000000
00000000011100000000000000000000
00000000011100000000000000000000
00000000111100000000000000000000
00000000111100001110000000000000
00000000111000001110000000000000
00000000111000001111000000000000
00000000110000001110000000000000
00000001110000001110000000000000
00000001100000001100000000000000
00000001100000011100000000000000
00000011100000011100000000000000
00000011000000011000000000000000
00000011000000011000000110000000
00000111110000011111111110000000
00000111111111111111111110000000
00000111111111111100000000000000
00000011110000110000000000000000
00000000000001110000000000000000
00000000000001110000000000000000
00000000000001100000000000000000
00000000000001100000000000000000
00000000000011100000000000000000
00000000000011000000000000000000
00000000000011000000000000000000
00000000000011000000000000000000
00000000000000000000000000000000
00000000000000000000000000000000
00000000000000000000000000000000