00000000000000000000000000000000
00000000000000000000000000000000
00000000000000000000000000000000
00000000011000000000000000000000
00000000111100000000000000000000
00000000111100000000000000000000
00000000111100000000000000000000
00000000111000001100000000000000
00000000111000011110000000000000
00000001110000011110000000000000
00000001110000011110000000000000
00000001100000011100000000000000
00000001100000011100000000000000
00000011100000011100000000000000
00000011100000001100000000000000
00000011100000001100000110000000
00000011111000011111111111000000
00000011111111111111111100000000
00000011111111111110000000000000
00000000000000011000000000000000
00000000000000011000000000000000
00000000000000111000000000000000
00000000000000110000000000000000
00000000000000110000000000000000
00000000000000110000000000000000
00000000000000110000000000000000
00000000000000110000000000000000
00000000000000100000000000000000
00000000000000000000000000000000
00000000000000000000000000000000
00000000000000000000000000000000
00000000000000000000000000000000