00000000000000000000000000000000
00000000000000000000000000000000
00000000000000000000000000000000
00000000011000000000000000000000
00000000111100000000000000000000
00000000111100000000000000000000
00000000111100000000000000000000
00000000111000000100000000000000
00000000111000001110000000000000
00000000110000001111000000000000
00000001110000001111000000000000
00000001100000001110000000000000
00000001100000001110000000000000
00000001100000001110000000000000
00000001100000001100000000000000
00000001100000001100000000000000
00000001100000001100011111000000
00000011111111111111111111000000
00000001111111111111110000000000
00000001111111111100000000000000
00000000000000011100000000000000
00000000000000011000000000000000
00000000000000011000000000000000
00000000000000011000000000000000
00000000000000011000000000000000
00000000000000111000000000000000
00000000000000010000000000000000
00000000000000000000000000000000
00000000000000000000000000000000
00000000000000000000000000000000
00000000000000000000000000000000
00000000000000000000000000000000