00000000000000000000000000000000
00000000000000000000000000000000
00000000000000000000000000000000
00000000000000000000000000000000
00000000000111000000000000000000
00000000001111000000000000000000
00000000001111000000000000000000
00000000001111000001000000000000
00000000011110000011110000000000
00000000011000000011110000000000
00000000111000000011110000000000
00000000110000000011110000000000
00000001110000000011100000000000
00000001100000000011000000000000
00000011100000000011000000000000
00000011000000000111000000000000
00000111000000000110000000000000
00000110000000001110000001000000
00000111111111111111111111100000
00000111111111111111111111000000
00000111111111111100000000000000
00000000000000011000000000000000
00000000000000111000000000000000
00000000000000111000000000000000
00000000000000110000000000000000
00000000000000110000000000000000
00000000000001110000000000000000
00000000000000100000000000000000
00000000000000000000000000000000
00000000000000000000000000000000
00000000000000000000000000000000
00000000000000000000000000000000