00000000000000000000000000000000
00000000000000000000000000000000
00000000000000000000000000000000
00000000000000000000000000000000
00000000000000000000000000000000
00000000110000000000000000000000
00000001111000000000000000000000
00000001111000000000000000000000
00000001110000000000000000000000
00000001110011110000000000000000
00000001100011110000000000000000
00000011100011110000000000000000
00000011100001110000000000000000
00000011000001100000000000000000
00000011000001100000000000000000
00000011000001100000000000000000
00000011000001100000000000000000
00000011000001100011110000000000
00000011111111111111110000000000
00000011111111111111000000000000
00000001111111100000000000000000
00000000000001100000000000000000
00000000000001100000000000000000
00000000000011100000000000000000
00000000000011100000000000000000
00000000000001000000000000000000
00000000000000000000000000000000
00000000000000000000000000000000
00000000000000000000000000000000
00000000000000000000000000000000
00000000000000000000000000000000
00000000000000000000000000000000