00000000000000000000000000000000
00000000000000000000000000000000
00000000000000000000000000000000
00000000000000000000000000000000
00000000000000000000000000000000
00000000000000000000000000000000
00000000011100000000000000000000
00000000011100000000000000000000
00000000111100000000000000000000
00000000111100000000000000000000
00000000111100000000111000000000
00000000111000000000111000000000
00000000111000000000111000000000
00000000110000000001111000000000
00000000110000000001110000000000
00000000110000000001110000000000
00000000110000000001110000000000
00000000111000000001100000111000
00000000111110000001101111111000
00000000011111111111111111100000
00000000001111111111111000000000
00000000000000000011000000000000
00000000000000000011000000000000
00000000000000000011000000000000
00000000000000000011000000000000
00000000000000000011000000000000
00000000000000000011000000000000
00000000000000000111000000000000
00000000000000000111000000000000
00000000000000000110000000000000
00000000000000000000000000000000
00000000000000000000000000000000