00000000000000000000000000000000
00000000000000000000000000000000
00000000000000000000000000000000
00000000000000000000000000000000
00011100000000000000000000000000
00011110000000000000000000000000
00011110000000000000000000000000
00011110000000000000000000000000
00001100000000001000000000000000
00001100000000011100000000000000
00001100000000111100000000000000
00001110000000111100000000000000
00001110000000111100000000000000
00001110000000011000000000000000
00001110000000011000000000000000
00000110000000011000000000000000
00000111000000111000000000000000
00000111100000111000000011110000
00000011111111111111111111110000
00000011111111111111111110000000
00000000111110110000000000000000
00000000000001110000000000000000
00000000000001100000000000000000
00000000000001100000000000000000
00000000000001100000000000000000
00000000000001100000000000000000
00000000000001100000000000000000
00000000000011100000000000000000
00000000000001000000000000000000
00000000000000000000000000000000
00000000000000000000000000000000
00000000000000000000000000000000