00000000000000000000000000000000
00000000000000000000000000000000
00000000000000000000000000000000
00000000110000000000000000000000
00000001111000000000000000000000
00000001111000000000000000000000
00000001111000000000000000000000
00000001110000000000000000000000
00000001110000000000000000000000
00000011100000000111000000000000
00000011000000001111000000000000
00000111000000001111000000000000
00000111000000001110000000000000
00000110000000001110000000000000
00000110000000001100000000000000
00000110000000001100000000000000
00001110000000011100000000000000
00000111110000011000001111100000
00000111111111111111111111100000
00000011111111111111111000000000
00000000000000011000000000000000
00000000000000111000000000000000
00000000000000110000000000000000
00000000000000110000000000000000
00000000000000110000000000000000
00000000000001110000000000000000
00000000000001100000000000000000
00000000000001100000000000000000
00000000000001100000000000000000
00000000000000000000000000000000
00000000000000000000000000000000
00000000000000000000000000000000