00000000000000000000000000000000
00000000000000000000000000000000
00000000000000000000000000000000
00000011100000000000000000000000
00000011110000000000000000000000
00000011110000000000000000000000
00000011100000000000000000000000
00000011100000000000000000000000
00000011100000001110000000000000
00000011100000011110000000000000
00000011000000011110000000000000
00000011000000011100000000000000
00000011000000011100000000000000
00000011000000011100000000000000
00000011000000011100000000000000
00000011000000011000000000000000
00000011000000011000000000000000
00000011000000011000000000000000
00000011100000011000000000000000
00000001100000111000011111000000
00000001111111111111111111000000
00000000111111111111110000000000
00000000000111110000000000000000
00000000000000110000000000000000
00000000000000110000000000000000
00000000000000110000000000000000
00000000000001110000000000000000
00000000000001110000000000000000
00000000000001100000000000000000
00000000000000000000000000000000
00000000000000000000000000000000
00000000000000000000000000000000