00000000000000000000000000000000
00000000000000000000000000000000
00000000000000000000000000000000
00000000000000000000000000000000
00000000001100000000000000000000
00000000011110000000000000000000
00000000011110000000000000000000
00000000011111100000000000000000
00000000011111111111000000000000
00000000011111111111100000000000
00000000111011111010000000000000
00000000111000000000000000000000
00000000110000000000000000000000
00000001110000000000000000000000
00000001111000000000000000000000
00000011111111111110000000000000
00000011111111111111111000000000
00000000110000000011111100000000
00000000000000000000111100000000
00000000000000000001111000000000
00000000000000000111110000000000
00000000000000001111100000000000
00000000000001111110000000000000
00000000111111111000000000000000
00000000111111000000000000000000
00000000010000000000000000000000
00000000000000000000000000000000
00000000000000000000000000000000
00000000000000000000000000000000
00000000000000000000000000000000
00000000000000000000000000000000
00000000000000000000000000000000