00000000000000000000000000000000
00000000000000000000000000000000
00000000000000000000000000000000
00000000000000000000000000000000
00000000000000000000000000000000
00000000000000000000000000000000
00000000011100000000000000000000
00000000111100000000000000000000
00000000111111111111000000000000
00000000111111111111000000000000
00000000111111111110000000000000
00000000111000000000000000000000
00000000110000000000000000000000
00000001111111100000000000000000
00000001111111111110000000000000
00000000111111111110000000000000
00000000000000001111000000000000
00000000000000001111000000000000
00000000000000001110000000000000
00000000000000011110000000000000
00000000000000111100000000000000
00000000000011111000000000000000
00000000111111100000000000000000
00000111111111000000000000000000
00000111111000000000000000000000
00000000000000000000000000000000
00000000000000000000000000000000
00000000000000000000000000000000
00000000000000000000000000000000
00000000000000000000000000000000
00000000000000000000000000000000
00000000000000000000000000000000