00000000000000000000000000000000
00000000000000000000000000000000
00000000000000000000000000000000
00000000000000000000000000000000
00000000000000000000000000000000
00000000111111110000110000000000
00000000111111111111111000000000
00000000111111111111110000000000
00000000111110000000000000000000
00000000111000000000000000000000
00000000111000000000000000000000
00000000111000000000000000000000
00000000111000000000000000000000
00000000110000000000000000000000
00000000110000000000000000000000
00000000111000000000000000000000
00000001111111111100000000000000
00000000111111111111100000000000
00000000011000001111110000000000
00000000000000000001110000000000
00000000000000000011110000000000
00000000000000000011100000000000
00000000000000000111100000000000
00000000000000001111000000000000
00000000000000111100000000000000
00000000001111111000000000000000
00000011111111100000000000000000
00000011111100000000000000000000
00000000000000000000000000000000
00000000000000000000000000000000
00000000000000000000000000000000
00000000000000000000000000000000