00000000000000000000000000000000
00000000000000000000000000000000
00000000000000000000000000000000
00000000000110000000000000000000
00000000001111110000000000000000
00000000001111111111100000000000
00000000001111111111100000000000
00000000001110000000000000000000
00000000001100000000000000000000
00000000011100000000000000000000
00000000011100000000000000000000
00000000011000000000000000000000
00000000011000000000000000000000
00000000111000000000000000000000
00000000111000000000000000000000
00000001111111100000000000000000
00000001111111111110000000000000
00000000111111111111100000000000
00000000000000000011110000000000
00000000000000000011100000000000
00000000000000000111100000000000
00000000000000011111000000000000
00000000000000111110000000000000
00000001111111111100000000000000
00000001111111100000000000000000
00000001111110000000000000000000
00000000000000000000000000000000
00000000000000000000000000000000
00000000000000000000000000000000
00000000000000000000000000000000
00000000000000000000000000000000
00000000000000000000000000000000