00000000000000000000000000000000
00000000000000000000000000000000
00000000000000000000000000000000
00000000110000000000000000000000
00000001111000000000000000000000
00000001111111111111111000000000
00000001111111111111111000000000
00000001111111100000000000000000
00000000110000000000000000000000
00000001110000000000000000000000
00000001110000000000000000000000
00000001110000000000000000000000
00000001110000000000000000000000
00000001111111100000000000000000
00000001111111111111100000000000
00000001111111111111111000000000
00000000000000000001111100000000
00000000000000000000011100000000
00000000000000000000011100000000
00000000000000000000011100000000
00000000000000000000011100000000
00000000000000000001111000000000
00000000000000000011110000000000
00000000000000001111100000000000
00000000000001111110000000000000
00000001111111111000000000000000
00000001111111000000000000000000
00000001100000000000000000000000
00000000000000000000000000000000
00000000000000000000000000000000
00000000000000000000000000000000
00000000000000000000000000000000