00000000000000000000000000000000
00000000000000000000000000000000
00000000000000000000000000000000
00000000000000000000000000000000
00000000000000011000000000000000
00000000000001111000000000000000
00000000000001111000000000000000
00000000000011111000000000000000
00000000000011110000000000000000
00000000000111000000000000000000
00000000001110000000000000000000
00000000011100000000000000000000
00000000111000000000000000000000
00000001110000000000000000000000
00000001111000000000000000000000
00000011111110000000000000000000
00000011111111000000000000000000
00000011001111100000000000000000
00000111000011110000000000000000
00000110000001110000000000000000
00000110000000111000000000000000
00000110000000111000000000000000
00000110000000011000000000000000
00000110000000111000000000000000
00000111000000111000000000000000
00000111100001111000000000000000
00000011111111110000000000000000
00000011111111100000000000000000
00000000001000000000000000000000
00000000000000000000000000000000
00000000000000000000000000000000
00000000000000000000000000000000