00000000000000000000000000000000
00000000000000000000000000000000
00000000000001110000000000000000
00000000000011111000000000000000
00000000000011110000000000000000
00000000000111110000000000000000
00000000001111000000000000000000
00000000011110000000000000000000
00000000111000000000000000000000
00000000110000000000000000000000
00000001110000000000000000000000
00000011100000000000000000000000
00000011000000000000000000000000
00000111000000000000000000000000
00000110000000000000000000000000
00000111111110000000000000000000
00001111111111100000000000000000
00001101111111110000000000000000
00001100000011111000000000000000
00001100000000111000000000000000
00001100000000011100000000000000
00001100000000011100000000000000
00001100000000011100000000000000
00001110000000011100000000000000
00001110000000111100000000000000
00001111000001111000000000000000
00000111111111110000000000000000
00000011111111100000000000000000
00000000000000000000000000000000
00000000000000000000000000000000
00000000000000000000000000000000
00000000000000000000000000000000