00000000000000000000000000000000
00000000000000000000000000000000
00000000000000000000000000000000
00000000000011100000000000000000
00000000000111100000000000000000
00000000001111100000000000000000
00000000001111000000000000000000
00000000001111000000000000000000
00000000011100000000000000000000
00000000011100000000000000000000
00000000111000000000000000000000
00000000110000000000000000000000
00000001110000000000000000000000
00000001100000000000000000000000
00000001100000000000000000000000
00000111111000000000000000000000
00000111111111000000000000000000
00000011111111110000000000000000
00000011000111111000000000000000
00000011000000111100000000000000
00000011000000011100000000000000
00000011000000001100000000000000
00000011000000001100000000000000
00000011000000001100000000000000
00000011100000011100000000000000
00000011100000011100000000000000
00000001111000111100000000000000
00000001111111111000000000000000
00000000011111111000000000000000
00000000000111000000000000000000
00000000000000000000000000000000
00000000000000000000000000000000