00000000000000000000000000000000
00000000000000000000000000000000
00000000000001110000000000000000
00000000000011110000000000000000
00000000000011110000000000000000
00000000000111100000000000000000
00000000001110000000000000000000
00000000011110000000000000000000
00000000011100000000000000000000
00000000111000000000000000000000
00000001110000000000000000000000
00000001100000000000000000000000
00000011111100000000000000000000
00000011111111000000000000000000
00000111111111110000000000000000
00000110000011111000000000000000
00000110000000111000000000000000
00000110000000011100000000000000
00001110000000011100000000000000
00001110000000011100000000000000
00001110000000011100000000000000
00001110000000011000000000000000
00001111000000111000000000000000
00000111100000111000000000000000
00000011111111110000000000000000
00000001111111100000000000000000
00000000011110000000000000000000
00000000000000000000000000000000
00000000000000000000000000000000
00000000000000000000000000000000
00000000000000000000000000000000
00000000000000000000000000000000