00000000000000000000000000000000
00000000000000000000000000000000
00000000000000000000000000000000
00000000000000111000000000000000
00000000000001111000000000000000
00000000000011111000000000000000
00000000000011110000000000000000
00000000000011100000000000000000
00000000000111000000000000000000
00000000001110000000000000000000
00000000001100000000000000000000
00000000011100000000000000000000
00000000011000000000000000000000
00000000111000000000000000000000
00000001111000000000000000000000
00000001111111100000000000000000
00000001111111110000000000000000
00000001100111111000000000000000
00000011100000111000000000000000
00000011000000011000000000000000
00000011000000011100000000000000
00000011000000011100000000000000
00000011000000011100000000000000
00000011000000011100000000000000
00000011100000011100000000000000
00000011110000111000000000000000
00000001111111111000000000000000
00000000111111110000000000000000
00000000000111000000000000000000
00000000000000000000000000000000
00000000000000000000000000000000
00000000000000000000000000000000