00000000000000000000000000000000
00000000000000000000000000000000
00000000000000011100000000000000
00000000000001111100000000000000
00000000000001111000000000000000
00000000000011111000000000000000
00000000000111100000000000000000
00000000000111000000000000000000
00000000001110000000000000000000
00000000011100000000000000000000
00000000011000000000000000000000
00000000111000000000000000000000
00000000110000000000000000000000
00000000110000000000000000000000
00000001111110000000000000000000
00000001111111110000000000000000
00000001111111111100000000000000
00000001100000111110000000000000
00000001100000001111000000000000
00000001100000000111100000000000
00000001100000000011100000000000
00000001100000000001100000000000
00000001110000000001110000000000
00000001110000000001100000000000
00000000111000000011100000000000
00000000111000000011100000000000
00000000011110001111000000000000
00000000001111111110000000000000
00000000000011111100000000000000
00000000000000010000000000000000
00000000000000000000000000000000
00000000000000000000000000000000