00000000000000000000000000000000
00000000000000000000000000000000
00000000000000000000000000000000
00000000000001110000000000000000
00000000000011110000000000000000
00000000000011110000000000000000
00000000000011100000000000000000
00000000000111000000000000000000
00000000001110000000000000000000
00000000001110000000000000000000
00000000011100000000000000000000
00000000011000000000000000000000
00000000111000000000000000000000
00000000110000000000000000000000
00000001110000000000000000000000
00000001111000000000000000000000
00000001111110000000000000000000
00000001111111100000000000000000
00000011111111100000000000000000
00000011100011110000000000000000
00000011000001110000000000000000
00000011000000110000000000000000
00000011000000111000000000000000
00000011000000111000000000000000
00000011100000111000000000000000
00000011110001110000000000000000
00000001111111110000000000000000
00000001111111100000000000000000
00000000011110000000000000000000
00000000000000000000000000000000
00000000000000000000000000000000
00000000000000000000000000000000