00000000000000000000000000000000
00000000000000000000000000000000
00000000000000000000000000000000
00000000000001110000000000000000
00000000000011110000000000000000
00000000000011110000000000000000
00000000000011110000000000000000
00000000000011100000000000000000
00000000000111000000000000000000
00000000000111000000000000000000
00000000000110000000000000000000
00000000001110000000000000000000
00000000001100000000000000000000
00000000011100000000000000000000
00000000011000000000000000000000
00000000111111111100000000000000
00000000111111111111100000000000
00000000111000111111110000000000
00000001110000000011111000000000
00000001100000000000111000000000
00000001100000000000011100000000
00000001100000000000011100000000
00000001100000000000011000000000
00000001100000000000111000000000
00000001110000000001110000000000
00000000111100000111100000000000
00000000111111111111000000000000
00000000011111111110000000000000
00000000000111100000000000000000
00000000000000000000000000000000
00000000000000000000000000000000
00000000000000000000000000000000