00000000000000000000000000000000
00000000000000000000000000000000
00000000000000000000000000000000
00000000000000000000000000000000
00000000000000000000000000000000
00000000001111110000000000000000
00000000111111111100000000000000
00000000111111111100000000000000
00000001110001111100000000000000
00000001110000111000000000000000
00000001100000110000000000000000
00000011100001110000000000000000
00000001110001100000000000000000
00000001111011100000000000000000
00000000111111000000000000000000
00000000011111111000000000000000
00000000000111111110000000000000
00000000000110011111100000000000
00000000000110000011110000000000
00000000001110000001110000000000
00000000001100000001110000000000
00000000001100000011110000000000
00000000011110000111110000000000
00000000011110111111000000000000
00000000011111111110000000000000
00000000001111110000000000000000
00000000000000000000000000000000
00000000000000000000000000000000
00000000000000000000000000000000
00000000000000000000000000000000
00000000000000000000000000000000
00000000000000000000000000000000