00000000000000000000000000000000
00000000000000000000000000000000
00000000000000000000000000000000
00000000000000000000000000000000
00000000000011111000111000000000
00000001111111111111110000000000
00000111111111111111110000000000
00000111100000000111110000000000
00000111000000000111110000000000
00000111100000001110000000000000
00000011100000011100000000000000
00000011110000111000000000000000
00000000111000111000000000000000
00000000011101110000000000000000
00000000001111100000000000000000
00000000000111100000000000000000
00000000001111110000000000000000
00000000001110111100000000000000
00000000011100011110000000000000
00000000011000000111000000000000
00000000111000000011100000000000
00000000110000000001100000000000
00000001110000000011110000000000
00000001100000000111110000000000
00000011100001111111100000000000
00000011111111111110000000000000
00000011111111110000000000000000
00000000000000000000000000000000
00000000000000000000000000000000
00000000000000000000000000000000
00000000000000000000000000000000
00000000000000000000000000000000