00000000000000000000000000000000
00000000000000000000000000000000
00000000000000000000000000000000
00000001111111110000000000000000
00000111111111111000000000000000
00000111111111111000000000000000
00001110000000111000000000000000
00001110000001110000000000000000
00001110000001100000000000000000
00000111000001100000000000000000
00000111100011100000000000000000
00000011110011000000000000000000
00000001111111000000000000000000
00000000111110000000000000000000
00000000001111100000000000000000
00000000001111111000000000000000
00000000001110111111000000000000
00000000001100001111110000000000
00000000001100000001111000000000
00000000001100000000011110000000
00000000011100000000001111000000
00000000011100000000001111000000
00000000011100000000111111000000
00000000011100001111111110000000
00000000001111111111110000000000
00000000001111111100000000000000
00000000000000000000000000000000
00000000000000000000000000000000
00000000000000000000000000000000
00000000000000000000000000000000
00000000000000000000000000000000
00000000000000000000000000000000