00000000000000000000000000000000
00000000000000000000000000000000
00000000000000000000000000000000
00000111111111110000000000000000
00001111111111111000000000000000
00001111000111111000000000000000
00011110000001111000000000000000
00011110000000111000000000000000
00001110000001110000000000000000
00001110000001100000000000000000
00000111000011100000000000000000
00000011100011000000000000000000
00000001111111000000000000000000
00000000111110000000000000000000
00000000011110000000000000000000
00000000001111100000000000000000
00000000001111111000000000000000
00000000011100111100000000000000
00000000011000001111000000000000
00000000011000000111100000000000
00000000111000000001110000000000
00000000111000000001111000000000
00000000111000000111111000000000
00000000111001111111110000000000
00000000111111111111000000000000
00000000111111100000000000000000
00000000000000000000000000000000
00000000000000000000000000000000
00000000000000000000000000000000
00000000000000000000000000000000
00000000000000000000000000000000
00000000000000000000000000000000