00000000000000000000000000000000
00000000000000000000000000000000
00000000000000000000000000000000
00000111111111110000000000000000
00000111111111111110000000000000
00001111000011111111000000000000
00001110000000011111100000000000
00001110000000001111100000000000
00001110000000000111000000000000
00001110000000001111000000000000
00000111000000011110000000000000
00000111000000111100000000000000
00000011100001111000000000000000
00000001110011100000000000000000
00000000111111000000000000000000
00000000011110000000000000000000
00000000011111000000000000000000
00000000111011110000000000000000
00000001110001111000000000000000
00000001110000011110000000000000
00000011100000001111100000000000
00000111000000000011110000000000
00000111000000000001110000000000
00001110000000000001110000000000
00001110000000000011110000000000
00011110000000000111100000000000
00011110000000001111000000000000
00011111111111111110000000000000
00001111111111111100000000000000
00000011111111110000000000000000
00000000000000000000000000000000
00000000000000000000000000000000