00000000000000000000000000000000
00000000000000000000000000000000
00000000000000000000000000000000
00000000000000000000000000000000
00000000001111111000000000000000
00000000011111111100000000000000
00000000111111111100000000000000
00000000111000111100000000000000
00000000111000011000000000000000
00000000111000111000000000000000
00000000011100110000000000000000
00000000001111110000000000000000
00000000001111100000000000000000
00000000000111100000000000000000
00000000000011100000000000000000
00000000000011111000000000000000
00000000000111111100000000000000
00000000000110001110000000000000
00000000000110000111000000000000
00000000001110000011110000000000
00000000001110000001111000000000
00000000001110000000011100000000
00000000001100000000001110000000
00000000011100000000011110000000
00000000011111000011111110000000
00000000011111111111111100000000
00000000000111111111100000000000
00000000000000000000000000000000
00000000000000000000000000000000
00000000000000000000000000000000
00000000000000000000000000000000
00000000000000000000000000000000