00000000000000000000000000000000
00000000000000000000000000000000
00000000000000000000000000000000
00000000000011111000000000000000
00000000011111111100000000000000
00000000111111111100000000000000
00000001111000111110000000000000
00000001110000011110000000000000
00000001110000011100000000000000
00000001110000111000000000000000
00000001110001111000000000000000
00000000111001110000000000000000
00000000011111100000000000000000
00000000001111000000000000000000
00000000000111100000000000000000
00000000000111111000000000000000
00000000001110111100000000000000
00000000001110011110000000000000
00000000001100000111000000000000
00000000011100001111000000000000
00000000011100111111000000000000
00000000011111111111000000000000
00000000111111111100000000000000
00000000011111100000000000000000
00000000001000000000000000000000
00000000000000000000000000000000
00000000000000000000000000000000
00000000000000000000000000000000
00000000000000000000000000000000
00000000000000000000000000000000
00000000000000000000000000000000
00000000000000000000000000000000