00000000000000000000000000000000
00000000000000000000000000000000
00000000000000000000000000000000
00000000000000000000000000000000
00000000000000000000000000000000
00001111111111111100000000000000
00011111111111111100000000000000
00011100000001111100000000000000
00011100000000111000000000000000
00011100000001111000000000000000
00011100000001110000000000000000
00001110000011110000000000000000
00000111000011100000000000000000
00000111000111000000000000000000
00000011100111000000000000000000
00000001110110000000000000000000
00000000111110000000000000000000
00000000011110000000000000000000
00000000001111000000000000000000
00000000011111110000000000000000
00000000011101111000000000000000
00000000011100011110000000000000
00000000011100001111100000000000
00000000011100000011110000000000
00000000011100000000111100000000
00000000011100000000011110000000
00000000011100000000001110000000
00000000011110000000011110000000
00000000001111000001111110000000
00000000000111111111111100000000
00000000000011111111111000000000
00000000000000000000000000000000