00000000000000000000000000000000
00000000000000000000000000000000
00000000000000000000000000000000
00000000000011100000000000000000
00000000011111111000000000000000
00000000111111111100000000000000
00000001111111111110000000000000
00000001111000011100000000000000
00000001110000111000000000000000
00000001110001111000000000000000
00000001110011110000000000000000
00000001111111100000000000000000
00000000111111000000000000000000
00000000111110000000000000000000
00000000011110000000000000000000
00000000011111000000000000000000
00000000111111100000000000000000
00000000110011110000000000000000
00000001110000111000000000000000
00000001100000011110000000000000
00000011100000001111000000000000
00000011100000000111100000000000
00000011000000000011110000000000
00000111000000000011110000000000
00000111000000001111110000000000
00000111001111111111100000000000
00000111111111111110000000000000
00000111111111000000000000000000
00000000000000000000000000000000
00000000000000000000000000000000
00000000000000000000000000000000
00000000000000000000000000000000