00000000000000000000000000000000
00000000000000000000000000000000
00000000000000000000000000000000
00000000000000000000000000000000
00000000000001111100000000000000
00000000111111111111000000000000
00000001111111111111100000000000
00000001111000001111100000000000
00000001111000000011000000000000
00000001111000000111000000000000
00000000111000000111000000000000
00000000011100001110000000000000
00000000011100001110000000000000
00000000001110011100000000000000
00000000000111111000000000000000
00000000000111111000000000000000
00000000000011110000000000000000
00000000000001110000000000000000
00000000000011111000000000000000
00000000000011011100000000000000
00000000000011001110000000000000
00000000000111000111000000000000
00000000000111000011100000000000
00000000000110000001110000000000
00000000000110000000111000000000
00000000000110000000111000000000
00000000001110000001111000000000
00000000001111000111111000000000
00000000001111111111110000000000
00000000000111111111000000000000
00000000000000000000000000000000
00000000000000000000000000000000