00000000000000000000000000000000
00000000000000000000000000000000
00000000000000000000000000000000
00000000000011111110000000000000
00000000001111111111100000000000
00000000011111111111110000000000
00000000111100000011110000000000
00000000111000000011110000000000
00000000111000000011100000000000
00000001110000000011100000000000
00000000110000000011100000000000
00000000110000000011000000000000
00000000110000000111000000000000
00000000111000001111000000000000
00000000111100011110000000000000
00000000111111111110000000000000
00000000001111111110000000000000
00000000000011111110000000000000
00000000000000001100000000000000
00000000000000001100000000000000
00000000000000001100000000000000
00000000000000011100000000000000
00000000000000011100000000000000
00000000000000011000000000000000
00000000000000011000000000000000
00000000000000011000000000000000
00000000000000111000000000000000
00000000000000111000000000000000
00000000000000000000000000000000
00000000000000000000000000000000
00000000000000000000000000000000
00000000000000000000000000000000