00000000000000000000000000000000
00000000000000000000000000000000
00000000001111111110000000000000
00000000111111111111000000000000
00000001111111111111100000000000
00000001111000000111100000000000
00000001110000000111100000000000
00000011100000000111100000000000
00000011100000000111100000000000
00000011100000001111000000000000
00000011100000011111000000000000
00000001110001111110000000000000
00000001111111110110000000000000
00000000111111100110000000000000
00000000011100000110000000000000
00000000000000001110000000000000
00000000000000001100000000000000
00000000000000001100000000000000
00000000000000001100000000000000
00000000000000011100000000000000
00000000000000011100000000000000
00000000000000011000000000000000
00000000000000011000000000000000
00000000000000011000000000000000
00000000000000111000000000000000
00000000000000110000000000000000
00000000000000110000000000000000
00000000000000110000000000000000
00000000000001110000000000000000
00000000000001110000000000000000
00000000000000100000000000000000
00000000000000000000000000000000