00000000000000000000000000000000
00000000000000000000000000000000
00000000000110000000000000000000
00000000111111111000000000000000
00000000111111111100000000000000
00000001111111111100000000000000
00000001110000111100000000000000
00000011100000111100000000000000
00000011100000111100000000000000
00000011100000111100000000000000
00000011100011111000000000000000
00000011111111111000000000000000
00000001111111011000000000000000
00000000111110011000000000000000
00000000000000011000000000000000
00000000000000111000000000000000
00000000000000111000000000000000
00000000000000110000000000000000
00000000000000110000000000000000
00000000000000110000000000000000
00000000000000110000000000000000
00000000000000110000000000000000
00000000000000110000000000000000
00000000000001110000000000000000
00000000000001110000000000000000
00000000000001100000000000000000
00000000000001100000000000000000
00000000000001100000000000000000
00000000000000000000000000000000
00000000000000000000000000000000
00000000000000000000000000000000
00000000000000000000000000000000