00000000000000000000000000000000
00000000000000000000000000000000
00000000000011111100000000000000
00000000001111111110000000000000
00000000011111111111000000000000
00000000111100011111100000000000
00000000111000000011100000000000
00000001111000000111100000000000
00000001110000000111100000000000
00000001100000001111100000000000
00000001110000011111000000000000
00000001110000111111000000000000
00000001111111111011000000000000
00000001111111100011000000000000
00000000111111000111000000000000
00000000000000000111000000000000
00000000000000000110000000000000
00000000000000000110000000000000
00000000000000000110000000000000
00000000000000000110000000000000
00000000000000000110000000000000
00000000000000001110000000000000
00000000000000001110000000000000
00000000000000001100000000000000
00000000000000001100000000000000
00000000000000001100000000000000
00000000000000001110000000000000
00000000000000001110000000000000
00000000000000000000000000000000
00000000000000000000000000000000
00000000000000000000000000000000
00000000000000000000000000000000