00000000000000000000000000000000
00000000000111111100000000000000
00000000011111111110000000000000
00000000111111111111000000000000
00000001111000011110000000000000
00000011110000011100000000000000
00000011100000111100000000000000
00000011100001111100000000000000
00000011100011111000000000000000
00000011101111111000000000000000
00000011111111011000000000000000
00000001111110011000000000000000
00000000111000011000000000000000
00000000000000111000000000000000
00000000000000110000000000000000
00000000000000110000000000000000
00000000000000110000000000000000
00000000000000110000000000000000
00000000000001110000000000000000
00000000000001100000000000000000
00000000000001100000000000000000
00000000000001100000000000000000
00000000000001100000000000000000
00000000000001100000000000000000
00000000000011100000000000000000
00000000000011000000000000000000
00000000000011000000000000000000
00000000000000000000000000000000
00000000000000000000000000000000
00000000000000000000000000000000
00000000000000000000000000000000
00000000000000000000000000000000