00000000000000000000000000000000
00000000000000000000000000000000
00000000000000000000000000000000
00000000000000000000000000000000
00000000000001111111000000000000
00000000011111111111100000000000
00000000111111111111111000000000
00000000111000000111111000000000
00000001110000000011111000000000
00000001110000000111111000000000
00000001110000001111110000000000
00000001110000111101110000000000
00000000111111111001100000000000
00000000111111100001100000000000
00000000011111000001100000000000
00000000000000000001100000000000
00000000000000000011100000000000
00000000000000000011000000000000
00000000000000000011000000000000
00000000000000000011000000000000
00000000000000000011000000000000
00000000000000000111000000000000
00000000000000000110000000000000
00000000000000000110000000000000
00000000000000000110000000000000
00000000000000001110000000000000
00000000000000001110000000000000
00000000000000000000000000000000
00000000000000000000000000000000
00000000000000000000000000000000
00000000000000000000000000000000
00000000000000000000000000000000