00000000000000000000000000000000
00000000000000000000000000000000
00000000000000000000000000000000
00000111111100000000000000000000
00001111111110000000000000000000
00001111111111000000000000000000
00011100001111000000000000000000
00111100001111000000000000000000
00111000001111000000000000000000
00111000111111000000000000000000
00111001111110000000000000000000
00111111111110000000000000000000
00011111101100000000000000000000
00001110001100000000000000000000
00000000011100000000000000000000
00000000011100000000000000000000
00000000011000000000000000000000
00000000011000000000000000000000
00000000111000000000000000000000
00000000110000000000000000000000
00000000110000000000000000000000
00000000110000000000000000000000
00000001110000000000000000000000
00000001100000000000000000000000
00000001100000000000000000000000
00000011100000000000000000000000
00000001100000000000000000000000
00000000000000000000000000000000
00000000000000000000000000000000
00000000000000000000000000000000
00000000000000000000000000000000
00000000000000000000000000000000