00000000000000000000000000000000
00000000000000000000000000000000
00000000000000000000000000000000
00000000000000000000000000000000
00000000001111111000000000000000
00000000111111111100000000000000
00000001111111111110000000000000
00000001111000011110000000000000
00000001110000000111000000000000
00000001100000000111000000000000
00000011100000000111000000000000
00000011100000000111000000000000
00000011000000001111000000000000
00000011100000011111000000000000
00000011100000111110000000000000
00000011111111110110000000000000
00000001111111100110000000000000
00000000111111000110000000000000
00000000000000000110000000000000
00000000000000000110000000000000
00000000000000001110000000000000
00000000000000001100000000000000
00000000000000001100000000000000
00000000000000001100000000000000
00000000000000001100000000000000
00000000000000011100000000000000
00000000000000001000000000000000
00000000000000000000000000000000
00000000000000000000000000000000
00000000000000000000000000000000
00000000000000000000000000000000
00000000000000000000000000000000